20200430
20200505
20200507
20200511
20200512
20200513
20200518
20200525
20200602
20200603
20200618
20200622
20200624
20200629
20200630
20200701
20200707
20200708
20200713
20200714
20200721
20200723
20200727
20200730
20200731
20200805
20200806
20200807
20200814
20200819
20200821
20200824
20200825
20200826
20200903
20200904
20200907
20200914
20200915
20201005
20201012
20201015
20201020
20201023
20201026
20201105
20201110
20201111
20201112
20201116
20201118
20201120
20201126
20201127
20201130
20201203
20201209
20201216
20201218
20201221
20201231
20210106
20210114
20210118
20210119
20210120
20210126
20210201
20210204
20210217
20210218
20210302
20210304
20210305
20210308
20210310
20210323
20210329
20210331
20210406
20210409
20210413
20210415
20210420
20210422
20210510
20210528
20210607
20210628
